==================================================================================================================================
Instancia              p n_runs           Best           Mean        Std    T_avg  gap_best%  gap_mean%  gap_time%
==================================================================================================================================
ali535            5     10          9956.77        9956.77       0.00    13.1s       -0.760     -3.856      -99.5
ali535           25     10          3698.90        3715.18      12.72    54.6s       -0.086     -2.908      -97.9
ali535           50     10          2490.46        2506.28      12.64   351.0s       -0.514     -1.299      -87.8
ali535          100     10          1453.60        1462.40       7.72   253.5s       -0.614     -8.174      -88.2
ali535          150     10          1041.15        1046.61       3.24   752.0s       +0.415     -2.943      -70.5
fnl4461          20     10       1283910.44     1285610.43    1261.40   895.9s       -1.284     -2.198      -89.5
fnl4461         100     10        553029.50      556711.79    1710.77  1327.8s       +0.310     -0.761      -85.3
fnl4461         250     10        341204.86      343081.77    1480.83  2185.1s       +1.311     +0.848      -76.3
fnl4461         500     10        229056.93      230178.67     720.43  3429.7s       +2.944     -1.023      -65.0
fnl4461        1000     10        149776.12      150915.15     563.79  4169.2s       +2.230     +0.219      -54.2
lin318            5     10        180281.21      180281.21       0.00    16.8s       -0.018     -0.481      -95.7
lin318           15     10         88901.56       89005.09     294.49    21.3s       -0.157     -0.225      -95.8
lin318           40     10         48046.39       48283.57     158.02    84.0s       -0.093     +0.319      -90.0
lin318           70     10         32319.46       32399.98      81.69   256.8s       +0.086     -0.017      -52.2
lin318          100     10         22999.87       23112.21      97.81   857.7s       -0.182     -0.415      +13.7
p3038           600     10        123871.28      124740.91     585.53  2732.3s       +0.775     -0.286      -40.6
p3038           700     10        111323.06      111758.94     407.81  3402.9s       +0.268     +0.595      -21.0
p3038           800     10        101188.88      101731.94     442.99  3658.5s       +0.757     +0.621      -29.6
p3038           900     10         93564.96       94066.56     408.40  3902.5s       +1.056     +0.835      -28.1
p3038          1000     10         86900.25       87240.19     253.68  4084.4s       +0.866     +0.363      -28.0
pr2392           20     10       2229309.58     2232019.53    2780.85   442.6s       -7.663     -4.473      -88.5
pr2392           75     10       1095486.51     1103754.21    4204.42   414.9s       -0.385     -2.693      -89.6
pr2392          150     10        716106.34      720416.18    2039.52   763.5s       +0.308     +0.857      -83.1
pr2392          300     10        461380.56      463594.87    1330.64  1413.5s       +0.320     -0.085      -61.1
pr2392          500     10        317807.88      320014.42    1395.47  2883.1s       +0.037     +0.099      -23.4
rl1304           10     10       2146714.38     2148784.72    1975.22   196.5s       -0.563     -3.457      -96.4
rl1304           50     10        806150.99      810850.46    3646.96   168.0s       +0.271     +0.163      -97.1
rl1304          100     10        498773.92      503529.68    2814.49   334.8s       +0.052     +0.842      -89.7
rl1304          200     10        278762.90      281133.46    2347.88   811.7s       +0.601     +1.012      -51.5
rl1304          300     10        191794.25      192636.76     632.80  1240.2s       -0.735     -0.556      -77.0
u724             10     10        181776.99      181936.18     156.91    22.8s      +19.575    +18.930      -99.6
u724             30     10         95124.75       95488.31     314.20    26.4s       -0.081     -0.347      -99.3
u724             75     10         54871.97       55215.78     312.67   106.4s       -0.074     +0.115      -96.7
u724            125     10         39231.50       39405.87     126.40   243.0s       +0.267     -0.022      -85.5
u724            200     10         28127.55       28359.75     162.26   522.9s       -2.060     -1.862      -74.4
==================================================================================================================================
MEDIA GERAL                                                                             +0.491     -0.350      -71.3

Total runs: 350  OK: 350  TIMEOUT: 0  ERRO: 0

CSV detalhado: ./experiments/results/final_20260427_090314.csv
